%YAML:1.0
Camera:
   Name: ""
   C: [ 1.6682727634906769e-01, -1.3207755982875824e-01,
       -1.9722695350646973e+00 ]
   A: [ -1.6689933836460114e-01, 1.7680279910564423e-02,
       9.8581540584564209e-01 ]
   Up: [ 1.4884275384247303e-02, -9.9968010187149048e-01,
       2.0448857918381691e-02 ]
   F: 2.6561202481389046e-02
   Sx: 1.0000000656873453e-05
   Sy: 1.0000000656873453e-05
   K1: 5.1260225474834442e-02
   K2: -1.0356634110212326e-01
   Nx: 3264
   Ny: 1836
   CenterPointShiftX: 2.2582693782169372e-04
   CenterPointShiftY: 1.4341236965265125e-04
