%YAML:1.0
Camera:
   Name: ""
   C: [ 1.2487336248159409e-01, -1.6931840777397156e-01,
       -1.9766827821731567e+00 ]
   A: [ -1.5438471734523773e-01, 2.7518674731254578e-02,
       9.8762750625610352e-01 ]
   Up: [ 2.1049601957201958e-02, -9.9929356575012207e-01,
       3.1134178861975670e-02 ]
   F: 9.7836274653673172e-03
   Sx: 1.0000000656873453e-05
   Sy: 1.0000000656873453e-05
   K1: -4.6207942068576813e-02
   K2: 6.7108362913131714e-02
   Nx: 1280
   Ny: 720
   CenterPointShiftX: 1.3814638077747077e-04
   CenterPointShiftY: -2.4500222934875637e-05
