%YAML:1.0
Camera:
   Name: ""
   C: [ 1.2324611842632294e-01, -9.3750812113285065e-02,
       -1.9787664413452148e+00 ]
   A: [ -1.5460355579853058e-01, 1.5253000892698765e-02,
       9.8785883188247681e-01 ]
   Up: [ 2.3270962759852409e-02, -9.9954724311828613e-01,
       1.9075468182563782e-02 ]
   F: 9.7946394234895706e-03
   Sx: 1.0000000656873453e-05
   Sy: 1.0000000656873453e-05
   K1: -4.7582074999809265e-02
   K2: 6.4413979649543762e-02
   Nx: 1280
   Ny: 720
   CenterPointShiftX: 3.6119192373007536e-05
   CenterPointShiftY: -2.3890877855592407e-05
