%YAML:1.0
Intrinsics: !!opencv-matrix
  rows: 3
  cols: 3
  dt: d
  data: [1.300892e+03,0,6.305275e+02,0,1.307889e+03,5.029448e+02,0,0,1]
Distortion: !!opencv-matrix
  rows: 5
  cols: 1
  dt: d
  data: [1.491922e-01,-5.905289e-01,-2.729264e-04,-3.868226e-03,0]
